#Sequence	Count	PValue	Obs/Exp Max	Max Obs/Exp Position
TCGTATG	2790	0.0	39.940952	44
TATGCCG	3290	0.0	33.97435	47
GGCGCGT	4445	0.0	32.636925	1
CGTATGC	3730	0.0	30.337059	45
CTCGTAT	3805	0.0	29.558544	43
CGGGCAT	9960	0.0	26.737867	1
GTATGCC	4505	0.0	25.347914	46
CGACCGG	1205	0.0	22.07168	1
ACACGTC	6050	0.0	19.330647	12
CGTCTGA	6125	0.0	19.093788	15
CCCACGT	10850	0.0	18.87803	1
ATCGGAA	6485	0.0	18.854933	1
ACGCACG	6355	0.0	18.674475	31
TCCGCGT	3355	0.0	18.20763	2
TATGTCG	2305	0.0	18.110596	4
AGTCACG	6540	0.0	17.882301	27
TCGGAAG	7020	0.0	17.747728	2
TCACGCA	6515	0.0	17.633324	29
ACGGACA	6820	0.0	17.350746	35
CGCACGG	6825	0.0	16.984085	32
