#Sequence	Count	PValue	Obs/Exp Max	Max Obs/Exp Position
CACAGAC	223380	0.0	54.840183	1
ACAGACT	234740	0.0	51.974987	2
CAGACTC	273760	0.0	45.100746	3
AGACTCA	279050	0.0	44.091187	4
ACTCAGA	284650	0.0	43.183544	6
GACTCAG	286325	0.0	43.18033	5
GACACAA	21415	0.0	42.066856	1
TCAGAGA	327730	0.0	37.51009	8
CCACAGA	48770	0.0	37.49551	1
CTCAGAG	333155	0.0	36.996746	7
GTTGCGA	3195	0.0	35.73403	30
CAGAGAG	348035	0.0	35.354385	9
AGAGAGA	352205	0.0	34.918217	10
CGCCGTA	3175	0.0	34.79276	57
GAGAGAA	360060	0.0	34.17182	11
CACAACT	58925	0.0	33.817036	1
ACAACTG	58940	0.0	33.616364	2
GCCGTAT	3470	0.0	32.014763	58
AGAGAAC	390075	0.0	31.595467	12
GAGAACC	399855	0.0	31.075338	13
